13412342524	1	198.0
13424299142	1	580.0
13510071777	3	1645.0
13560719526	1	776.0
13570292518	1	883.0
13602531303	2	1076.0
13632223168	1	189.0
13682249022	6	3930.0
13703000040	1	600.0
13710404865	1	388.0
13798312618	2	748.0
13802339048	1	638.0
13802525023	2	1043.0
13802553415	2	1856.0
13802581758	1	418.0
13802687031	1	1001.0
13802909688	1	489.0
13802962776	3	4330.0
13808833409	1	209.0
13808872201	1	348.0
13809898696	1	2187.419921875
13822128848	1	10692.0
13822650109	1	318.0
13823158347	1	509.0
13823373095	2	736.0
13823528612	1	1194.0
13823798889	1	620.0
13825200812	1	248.0
13826266393	1	198.0
13902732366	1	852.0
13923991111	1	574.0
13924601005	1	330.0
13925087209	1	698.0
13925859667	4	5432.0
13926207223	1	923.469970703125
13926437295	2	1097.0
13926599478	1	158.0
13926876125	2	1637.0
13927789470	5	2660.0
15802026792	1	598.0
15920108900	2	376.0
18818869750	5	1194.0
