13415640000	1	10164.0
13421695832	1	60000.0
13422228278	1	113598.0
13423663050	1	20925.0
13428388078	1	6552.0
13428412885	1	36960.0
13430000777	1	23540.6
13432301404	1	8116.0
13432712115	1	12320.0
13435973898	1	8700.0
13437370518	1	14800.0
13450764395	1	151200.0
13500056995	1	33390.0
13500121740	1	20920.0
13500251585	1	194040.0
13500282329	1	19452.0
13501436076	1	8253.0
13502209377	1	38400.0
13502239538	1	70000.0
13502397322	1	56403.0
13502526998	2	37230.0
13502882178	2	33400.0
13502902695	1	24660.0
13502952648	1	216000.0
13509063883	2	553000.0
13509658699	2	1939420.0
13510233083	1	52800.0
13510871048	1	14300.0
13527159271	1	8470.0
13527889229	1	29645.0
13528322222	1	38184.0
13531285396	1	10920.0
13531987183	1	60000.0
13536703185	1	13100.0
13537618193	1	14672.0
13539824443	1	65500.0
13543033396	2	48728.4
13556034366	1	7984.0
13556121355	1	29010.0
13556855447	1	12705.0
13590305358	1	144800.0
13592971514	1	32328.0
13592993378	1	19110.0
13600077394	1	120000.0
13600259722	1	104300.0
13600283813	1	65500.0
13600293338	1	78720.0
13600300466	1	26740.0
13600308865	1	26200.0
13602302002	1	65500.0
13602347978	1	88800.0
13602357855	1	173000.0
13602363500	1	90700.0
13602363750	1	80000.0
13602399011	1	41625.0
13602558886	1	20960.0
13602638628	1	56000.0
13602720994	1	197460.0
13602808203	1	29120.0
13603032709	2	74368.0
13603080181	1	14600.0
13609670261	1	140800.0
13609672188	1	52293.0
13609681797	1	160000.0
13609766575	1	187200.0
13610209488	1	14000.0
13612585626	1	70000.0
13620098129	1	48120.0
13622836236	1	38094.0
13631711765	1	17787.0
13632547193	1	6776.0
13632626840	1	80730.0
13650453388	1	65500.0
13660387807	1	36000.0
13682861418	1	25000.0
13686133875	1	104500.0
13686494422	1	14672.0
13688858370	1	19812.0
13692804553	1	56754.0
13694971837	1	23716.0
13697412732	1	42000.0
13702207722	1	346000.0
13702236503	1	26400.0
13702241010	1	37836.0
13702282837	1	20810.0
13702282941	1	18801.0
13702298237	1	19014.0
13702298777	2	38355.0
13702314121	1	44550.0
13702431839	1	97665.0
13702528353	1	57051.0
13702563116	2	103150.0
13702584834	1	93840.0
13702611010	1	65500.0
13702656336	1	36750.0
13702821663	2	195000.0
13702845525	1	60000.0
13702876030	1	38646.0
13702904646	1	127050.0
13702910745	1	30000.0
13702921827	1	30000.0
13702928928	1	117900.0
13702929907	1	90000.0
13703088768	1	15858.0
13710091007	1	59880.0
13711140159	2	1616.0
13711922968	1	96000.0
13711936502	1	20475.0
13712029777	1	36750.0
13712207198	1	26200.0
13712734093	1	48000.0
13712854089	1	59000.0
13713111314	1	11200.0
13713122682	1	26200.0
13715338893	1	12900.0
13715872883	1	21175.0
13719022321	1	492.0
13719092658	1	150000.0
13719540838	2	41435.0
13719768283	1	30643.2
13726443388	1	112000.0
13728103486	1	37746.0
13728872805	1	15404.8
13763114411	1	52000.0
13790383880	1	57400.0
13790389288	1	94320.0
13790827088	1	34440.0
13794443443	1	96200.0
13794900178	1	132000.0
13798959007	1	13100.0
13802227251	1	61356.6
13802327778	1	157656.0
13802455188	1	208800.0
13802550060	1	65500.0
13802568813	1	33880.0
13802603121	1	40030.0
13802618902	1	98520.0
13802622969	1	96090.0
13802623083	1	45000.0
13802624784	1	18801.0
13802628410	1	32750.0
13802628484	1	300000.0
13802629428	1	370440.0
13802634233	1	93780.0
13802638918	1	132000.0
13802649649	1	24000.0
13802655095	1	3000.0
13802936009	1	37536.0
13808884478	1	21810.0
13809217338	1	250000.0
13809236908	1	97470.0
13809271781	1	36000.0
13809276574	1	115700.0
13809610168	1	300912.0
13809615532	1	131000.0
13809627957	1	65500.0
13809643662	1	37758.0
13809680360	1	200000.0
13809698236	1	55395.0
13809822177	1	40740.0
13822205156	2	90456.0
13822306280	1	16940.0
13822333330	1	90000.0
13822347892	1	92325.0
13822728816	1	42300.0
13822941618	1	400740.0
13823180257	1	96495.0
13823339831	1	11700.0
13823378003	1	39300.0
13823608808	1	46250.0
13823681968	1	65500.0
13823852509	1	17700.0
13823870332	1	19960.0
13825151203	1	66660.0
13825609999	1	121500.0
13825710061	1	97605.0
13825757755	1	131000.0
13825769821	1	38850.0
13825850699	1	42350.0
13826552787	1	25000.0
13826821323	1	64402.8
13826903559	1	29580.0
13826970686	1	55404.0
13827264669	1	39264.0
13827581566	1	105000.0
13827771033	1	11545.0
13827777981	1	12960.0
13827785007	1	21000.0
13827790432	1	11200.0
13828036838	1	19125.0
13828131228	1	26600.0
13828788182	1	105548.8
13828893565	1	38400.0
13828958398	1	26200.0
13828987722	1	99600.0
13828988825	1	53000.0
13828996888	2	37160.0
13829165216	1	268800.0
13829225379	1	97500.0
13829537888	3	582840.0
13829712947	1	26200.0
13829981298	1	96000.0
13902259256	1	100400.0
13902415295	1	90000.0
13902415413	1	13300.0
13902417559	1	50850.0
13902419813	1	240000.0
13902465113	1	100600.0
13902472957	1	169754.4
13902479339	1	154600.0
13902488425	1	188730.0
13902532858	1	90000.0
13902581860	1	18985.0
13902600711	1	184275.0
13902609806	1	95070.0
13902612368	1	95070.0
13902647757	1	64000.0
13902651234	1	20180.0
13902691887	1	67200.0
13902698815	1	101800.0
13902752013	1	47932.5
13902772126	1	141000.0
13902784581	1	90500.0
13902802570	1	30000.0
13902805985	1	300000.0
13902806228	1	946650.0
13902807995	1	30000.0
13902828236	1	37000.0
13902840914	1	37746.0
13902841330	2	277000.0
13902841724	1	13770.0
13902847436	1	34500.0
13902880021	1	131000.0
13902882415	1	37176.0
13902883251	1	32000.0
13902885504	2	53360.0
13902925063	1	101888.0
13902937739	1	185760.0
13902939620	1	738600.0
13902943080	1	42350.0
13902966222	1	59700.0
13902991725	1	47999.6
13903005577	1	64000.0
13903059001	1	3000.0
13903089720	1	210600.0
13922449929	1	40110.0
13922503130	1	65500.0
13922518263	2	383050.0
13922519357	1	48503.0
13922524733	1	37710.0
13922833290	1	220320.0
13922922788	1	327500.0
13922937050	1	131000.0
13922950761	1	25200.0
13922976039	1	48000.0
13922976899	1	102750.0
13922989822	1	29940.0
13923051815	1	18873.0
13923060920	1	84000.0
13923111001	1	131000.0
13923118678	1	30000.0
13923127882	1	20100.0
13923140387	1	23880.0
13923582953	1	19940.0
13923736150	1	201000.0
13923764969	1	56000.0
13923879616	1	81000.0
13924006278	1	18576.0
13924667766	1	20560.0
13924688865	1	13825.0
13925118808	1	38400.0
13925800802	1	30825.0
13925827888	1	22000.0
13925828793	1	82800.0
13925868027	1	27018.0
13925879759	1	14400.0
13925918841	1	90000.0
13926512558	1	188650.0
13926663699	1	20100.0
13926804333	1	198100.0
13926808812	1	56223.0
13927071588	1	186000.0
13927748423	1	19650.0
13928037108	1	11205.0
13928210849	1	60000.0
13928383749	1	65500.0
13928614250	1	19224.0
13928662280	1	33440.0
13928727700	1	19810.0
13928789662	1	21000.0
13928998816	1	300000.0
13929011728	1	18531.0
13929211198	1	131000.0
13929258437	1	74000.0
13929449388	1	374000.0
13929459278	1	50000.0
13929935007	1	98000.0
13929938854	1	97470.0
13929957789	1	90000.0
13929994963	1	205300.0
15018916818	1	12705.0
15807553009	1	72320.0
15817682386	1	6950.0
15818653366	1	39600.0
15875827341	1	14800.0
15916969619	1	37812.0
15920144779	1	24570.0
18207507223	1	18340.0
